precision: 0.020689655172413793
recall: 0.01060070671378092
f1: 0.014018691588785048
accuracy: 0.999981756821018
