precision: 0.0213903743315508
recall: 0.004610951008645533
f1: 0.007586533902323376
accuracy: 0.9999637736345447
