precision: 0.016835016835016835
recall: 0.002875215641173088
f1: 0.004911591355599214
accuracy: 0.9999540397807702
