precision: 0.04665542439572794
recall: 0.050889025137952175
f1: 0.04868035190615836
accuracy: 0.9999884185377654
