precision: 0.012195121951219513
recall: 0.0011448196908986834
f1: 0.002093144950287807
accuracy: 0.9999288124710696
