precision: 0.05311355311355311
recall: 0.07204968944099378
f1: 0.061149182920400634
accuracy: 0.9999891729890088
