precision: 0.07002258793159083
recall: 0.13734177215189874
f1: 0.09275486215003205
accuracy: 0.9999896722163399
