precision: 0.08604815864022664
recall: 0.14429928741092637
f1: 0.10780834072759539
accuracy: 0.9999891260972584
