precision: 0.007194244604316547
recall: 0.0005724098454493417
f1: 0.0010604453870625662
accuracy: 0.9999089379966359
