precision: 0.07096247960848287
recall: 0.16487681617182565
f1: 0.09922068047899639
accuracy: 0.9999898621127536
