precision: 0.05796545105566219
recall: 0.09473023839397741
f1: 0.07192188616337224
accuracy: 0.9999895489277527
