precision: 0.02599388379204893
recall: 0.009912536443148687
f1: 0.014352047277332206
accuracy: 0.9999774987472536
