precision: 0.07231703789412786
recall: 0.15733165512901195
f1: 0.09908838684106222
accuracy: 0.9999897210529838
