precision: 0.017391304347826087
recall: 0.002290950744558992
f1: 0.004048582995951418
accuracy: 0.9999426239067055
