precision: 0.024725274725274724
recall: 0.016061867935752528
f1: 0.01947349441038586
accuracy: 0.9999850066612553
