precision: 0.030758226037195996
recall: 0.02607640994542147
f1: 0.028224483098129305
accuracy: 0.9999871033215154
