precision: 0.021153846153846155
recall: 0.006362058993637941
f1: 0.009782125389061806
accuracy: 0.9999711134862533
